function [pr1] = pij()


g=zeros(2227,1);


g(1)=185;g(2)=186;g(3)=187;g(4)=188;g(5)=189;g(6)=190;g(7)=191;g(8)=192;g(9)=193;g(10)=194;
g(11)=195;g(12)=196;g(13)=197;g(14)=198;g(15)=199;g(16)=200;g(17)=201;g(18)=202;g(19)=203;g(20)=204;
g(21)=205;g(22)=206;g(23)=207;g(24)=208;g(25)=209;g(26)=210;g(27)=211;g(28)=212;g(29)=213;g(30)=214;
g(31)=215;g(32)=216;g(33)=217;g(34)=218;g(35)=219;g(36)=220;g(37)=221;g(38)=230;g(39)=231;g(40)=232;
g(41)=233;g(42)=234;g(43)=235;g(44)=236;g(45)=237;g(46)=238;g(47)=239;g(48)=240;g(49)=241;g(50)=242;
g(51)=243;g(52)=244;g(53)=245;g(54)=246;g(55)=247;g(56)=248;g(57)=249;g(58)=250;g(59)=251;g(60)=252;
g(61)=253;g(62)=254;g(63)=255;g(64)=256;g(65)=257;g(66)=258;g(67)=259;g(68)=260;g(69)=261;g(70)=262;
g(71)=263;g(72)=264;g(73)=265;g(74)=266;g(75)=275;g(76)=276;g(77)=277;g(78)=278;g(79)=279;g(80)=280;
g(81)=281;g(82)=282;g(83)=283;g(84)=284;g(85)=285;g(86)=286;g(87)=287;g(88)=288;g(89)=289;g(90)=290;
g(91)=291;g(92)=292;g(93)=293;g(94)=294;g(95)=295;g(96)=296;g(97)=297;g(98)=298;g(99)=299;g(100)=300;
g(101)=301;g(102)=302;g(103)=303;g(104)=304;g(105)=305;g(106)=306;g(107)=307;g(108)=308;g(109)=309;g(110)=310;
g(111)=311;g(112)=320;g(113)=321;g(114)=322;g(115)=323;g(116)=324;g(117)=325;g(118)=326;g(119)=327;g(120)=328;
g(121)=329;g(122)=330;g(123)=331;g(124)=332;g(125)=333;g(126)=334;g(127)=335;g(128)=336;g(129)=337;g(130)=338;
g(131)=339;g(132)=340;g(133)=341;g(134)=342;g(135)=343;g(136)=344;g(137)=345;g(138)=346;g(139)=347;g(140)=348;
g(141)=349;g(142)=350;g(143)=351;g(144)=352;g(145)=353;g(146)=354;g(147)=355;g(148)=356;g(149)=365;g(150)=366;
g(151)=367;g(152)=368;g(153)=369;g(154)=370;g(155)=371;g(156)=372;g(157)=373;g(158)=374;g(159)=375;g(160)=376;
g(161)=377;g(162)=378;g(163)=379;g(164)=380;g(165)=381;g(166)=382;g(167)=383;g(168)=384;g(169)=385;g(170)=386;
g(171)=387;g(172)=388;g(173)=389;g(174)=390;g(175)=391;g(176)=392;g(177)=393;g(178)=394;g(179)=395;g(180)=396;
g(181)=397;g(182)=398;g(183)=399;g(184)=400;g(185)=401;g(186)=410;g(187)=411;g(188)=412;g(189)=413;g(190)=414;
g(191)=415;g(192)=416;g(193)=417;g(194)=418;g(195)=419;g(196)=420;g(197)=421;g(198)=422;g(199)=423;g(200)=424;
g(201)=425;g(202)=426;g(203)=427;g(204)=428;g(205)=429;g(206)=430;g(207)=431;g(208)=432;g(209)=433;g(210)=434;
g(211)=435;g(212)=436;g(213)=437;g(214)=438;g(215)=439;g(216)=440;g(217)=441;g(218)=442;g(219)=443;g(220)=444;
g(221)=445;g(222)=446;g(223)=455;g(224)=456;g(225)=457;g(226)=458;g(227)=459;g(228)=460;g(229)=461;g(230)=462;
g(231)=463;g(232)=464;g(233)=465;g(234)=466;g(235)=467;g(236)=468;g(237)=469;g(238)=470;g(239)=471;g(240)=472;
g(241)=473;g(242)=474;g(243)=475;g(244)=476;g(245)=477;g(246)=478;g(247)=479;g(248)=480;g(249)=481;g(250)=482;
g(251)=483;g(252)=484;g(253)=485;g(254)=486;g(255)=487;g(256)=488;g(257)=489;g(258)=490;g(259)=491;g(260)=500;
g(261)=501;g(262)=502;g(263)=503;g(264)=504;g(265)=505;g(266)=506;g(267)=507;g(268)=508;g(269)=509;g(270)=510;
g(271)=511;g(272)=512;g(273)=513;g(274)=514;g(275)=515;g(276)=516;g(277)=517;g(278)=518;g(279)=519;g(280)=520;
g(281)=521;g(282)=522;g(283)=523;g(284)=524;g(285)=525;g(286)=526;g(287)=527;g(288)=528;g(289)=529;g(290)=530;
g(291)=531;g(292)=532;g(293)=533;g(294)=534;g(295)=535;g(296)=536;g(297)=545;g(298)=546;g(299)=547;g(300)=548;
g(301)=549;g(302)=550;g(303)=551;g(304)=552;g(305)=553;g(306)=554;g(307)=555;g(308)=556;g(309)=557;g(310)=558;
g(311)=559;g(312)=560;g(313)=561;g(314)=562;g(315)=563;g(316)=564;g(317)=565;g(318)=566;g(319)=567;g(320)=568;
g(321)=569;g(322)=570;g(323)=571;g(324)=572;g(325)=573;g(326)=574;g(327)=575;g(328)=576;g(329)=577;g(330)=578;
g(331)=579;g(332)=580;g(333)=581;g(334)=590;g(335)=591;g(336)=592;g(337)=593;g(338)=594;g(339)=595;g(340)=596;
g(341)=597;g(342)=598;g(343)=599;g(344)=600;g(345)=601;g(346)=602;g(347)=603;g(348)=604;g(349)=605;g(350)=606;
g(351)=607;g(352)=608;g(353)=609;g(354)=610;g(355)=611;g(356)=612;g(357)=613;g(358)=614;g(359)=615;g(360)=616;
g(361)=617;g(362)=618;g(363)=619;g(364)=620;g(365)=621;g(366)=622;g(367)=623;g(368)=624;g(369)=625;g(370)=626;
g(371)=635;g(372)=636;g(373)=637;g(374)=638;g(375)=639;g(376)=640;g(377)=641;g(378)=642;g(379)=643;g(380)=644;
g(381)=645;g(382)=646;g(383)=647;g(384)=648;g(385)=649;g(386)=650;g(387)=651;g(388)=652;g(389)=653;g(390)=654;
g(391)=655;g(392)=656;g(393)=657;g(394)=658;g(395)=659;g(396)=660;g(397)=661;g(398)=662;g(399)=663;g(400)=664;
g(401)=665;g(402)=666;g(403)=667;g(404)=668;g(405)=669;g(406)=670;g(407)=671;g(408)=706;g(409)=707;g(410)=708;
g(411)=709;g(412)=710;g(413)=711;g(414)=712;g(415)=713;g(416)=714;g(417)=715;g(418)=716;g(419)=751;g(420)=752;
g(421)=753;g(422)=754;g(423)=755;g(424)=756;g(425)=757;g(426)=758;g(427)=759;g(428)=760;g(429)=761;g(430)=796;
g(431)=797;g(432)=798;g(433)=799;g(434)=800;g(435)=801;g(436)=802;g(437)=803;g(438)=804;g(439)=805;g(440)=806;
g(441)=841;g(442)=842;g(443)=843;g(444)=844;g(445)=845;g(446)=846;g(447)=847;g(448)=848;g(449)=849;g(450)=850;
g(451)=851;g(452)=886;g(453)=887;g(454)=888;g(455)=889;g(456)=890;g(457)=891;g(458)=892;g(459)=893;g(460)=894;
g(461)=895;g(462)=896;g(463)=931;g(464)=932;g(465)=933;g(466)=934;g(467)=935;g(468)=936;g(469)=937;g(470)=938;
g(471)=939;g(472)=940;g(473)=941;g(474)=976;g(475)=977;g(476)=978;g(477)=979;g(478)=980;g(479)=981;g(480)=982;
g(481)=983;g(482)=984;g(483)=985;g(484)=986;g(485)=1021;g(486)=1022;g(487)=1023;g(488)=1024;g(489)=1025;g(490)=1026;
g(491)=1027;g(492)=1028;g(493)=1029;g(494)=1030;g(495)=1031;g(496)=1040;g(497)=1041;g(498)=1042;g(499)=1043;g(500)=1044;
g(501)=1045;g(502)=1046;g(503)=1047;g(504)=1048;g(505)=1049;g(506)=1050;g(507)=1051;g(508)=1052;g(509)=1053;g(510)=1054;
g(511)=1055;g(512)=1056;g(513)=1057;g(514)=1058;g(515)=1066;g(516)=1067;g(517)=1068;g(518)=1069;g(519)=1070;g(520)=1071;
g(521)=1072;g(522)=1073;g(523)=1074;g(524)=1075;g(525)=1076;g(526)=1085;g(527)=1086;g(528)=1087;g(529)=1088;g(530)=1089;
g(531)=1090;g(532)=1091;g(533)=1092;g(534)=1093;g(535)=1094;g(536)=1095;g(537)=1096;g(538)=1097;g(539)=1098;g(540)=1099;
g(541)=1100;g(542)=1101;g(543)=1102;g(544)=1103;g(545)=1111;g(546)=1112;g(547)=1113;g(548)=1114;g(549)=1115;g(550)=1116;
g(551)=1117;g(552)=1118;g(553)=1119;g(554)=1120;g(555)=1121;g(556)=1130;g(557)=1131;g(558)=1132;g(559)=1133;g(560)=1134;
g(561)=1135;g(562)=1136;g(563)=1137;g(564)=1138;g(565)=1139;g(566)=1140;g(567)=1141;g(568)=1142;g(569)=1143;g(570)=1144;
g(571)=1145;g(572)=1146;g(573)=1147;g(574)=1148;g(575)=1156;g(576)=1157;g(577)=1158;g(578)=1159;g(579)=1160;g(580)=1161;
g(581)=1162;g(582)=1163;g(583)=1164;g(584)=1165;g(585)=1166;g(586)=1175;g(587)=1176;g(588)=1177;g(589)=1178;g(590)=1179;
g(591)=1180;g(592)=1181;g(593)=1182;g(594)=1183;g(595)=1184;g(596)=1185;g(597)=1186;g(598)=1187;g(599)=1188;g(600)=1189;
g(601)=1190;g(602)=1191;g(603)=1192;g(604)=1193;g(605)=1201;g(606)=1202;g(607)=1203;g(608)=1204;g(609)=1205;g(610)=1206;
g(611)=1207;g(612)=1208;g(613)=1209;g(614)=1210;g(615)=1211;g(616)=1220;g(617)=1221;g(618)=1222;g(619)=1223;g(620)=1224;
g(621)=1225;g(622)=1226;g(623)=1227;g(624)=1228;g(625)=1229;g(626)=1230;g(627)=1231;g(628)=1232;g(629)=1233;g(630)=1234;
g(631)=1235;g(632)=1236;g(633)=1237;g(634)=1238;g(635)=1246;g(636)=1247;g(637)=1248;g(638)=1249;g(639)=1250;g(640)=1251;
g(641)=1252;g(642)=1253;g(643)=1254;g(644)=1255;g(645)=1256;g(646)=1265;g(647)=1266;g(648)=1267;g(649)=1268;g(650)=1269;
g(651)=1270;g(652)=1271;g(653)=1272;g(654)=1273;g(655)=1274;g(656)=1275;g(657)=1276;g(658)=1277;g(659)=1278;g(660)=1279;
g(661)=1280;g(662)=1281;g(663)=1282;g(664)=1283;g(665)=1291;g(666)=1292;g(667)=1293;g(668)=1294;g(669)=1295;g(670)=1296;
g(671)=1297;g(672)=1298;g(673)=1299;g(674)=1300;g(675)=1301;g(676)=1310;g(677)=1311;g(678)=1312;g(679)=1313;g(680)=1314;
g(681)=1315;g(682)=1316;g(683)=1317;g(684)=1318;g(685)=1319;g(686)=1320;g(687)=1321;g(688)=1322;g(689)=1323;g(690)=1324;
g(691)=1325;g(692)=1326;g(693)=1327;g(694)=1328;g(695)=1336;g(696)=1337;g(697)=1338;g(698)=1339;g(699)=1340;g(700)=1341;
